256
66 208 0 10000 4535 0.100000
80 208 7 10000 2244 0.100000
95 208 5 10000 3555 0.100000
108 208 4 10000 4238 0.100000
133 208 1 10000 1771 0.100000
138 208 1 10000 6672 0.100000
161 208 6 10000 10000 0.100000
175 208 3 10000 1555 0.100000
66 208 5 10000 5089 0.100000
80 208 1 10000 4175 0.100000
95 208 2 10000 7147 0.100000
108 208 2 10000 7791 0.100000
133 208 4 10000 8502 0.100000
138 208 4 10000 8398 0.100000
161 208 7 10000 2085 0.100000
175 208 6 10000 8403 0.100000
66 208 6 10000 5922 0.100000
80 208 4 10000 3789 0.100000
95 208 6 10000 4954 0.100000
108 208 0 10000 8879 0.100000
133 208 0 10000 8770 0.100000
138 208 1 10000 1717 0.100000
161 208 1 10000 1664 0.100000
175 208 1 10000 3317 0.100000
66 208 4 10000 5914 0.100000
80 208 0 10000 7289 0.100000
95 208 6 10000 6037 0.100000
108 208 2 10000 2807 0.100000
133 208 1 10000 9593 0.100000
138 208 7 10000 6206 0.100000
161 208 0 10000 1477 0.100000
175 208 4 10000 5347 0.100000
66 208 1 10000 1966 0.100000
80 208 0 10000 8420 0.100000
95 208 2 10000 4276 0.100000
108 208 1 10000 5972 0.100000
133 208 2 10000 1565 0.100000
138 208 4 10000 4539 0.100000
161 208 0 10000 7999 0.100000
175 208 4 10000 1999 0.100000
66 208 4 10000 2485 0.100000
80 208 2 10000 2280 0.100000
95 208 0 10000 8740 0.100000
108 208 0 10000 5654 0.100000
133 208 3 10000 2308 0.100000
138 208 0 10000 6888 0.100000
161 208 5 10000 1206 0.100000
175 208 3 10000 2528 0.100000
66 208 5 10000 9810 0.100000
80 208 7 10000 10270 0.100000
95 208 5 10000 1702 0.100000
108 208 6 10000 8016 0.100000
133 208 0 10000 8274 0.100000
138 208 7 10000 7051 0.100000
161 208 1 10000 5533 0.100000
175 208 1 10000 5493 0.100000
66 208 3 10000 6847 0.100000
80 208 1 10000 6621 0.100000
95 208 6 10000 1402 0.100000
108 208 5 10000 3070 0.100000
133 208 4 10000 3257 0.100000
138 208 7 10000 9004 0.100000
161 208 0 10000 3668 0.100000
175 208 1 10000 6800 0.100000
66 208 3 10000 10107 0.100000
80 208 6 10000 2976 0.100000
95 208 1 10000 6669 0.100000
108 208 1 10000 3020 0.100000
133 208 1 10000 8338 0.100000
138 208 2 10000 8949 0.100000
161 208 1 10000 5345 0.100000
175 208 3 10000 7253 0.100000
66 208 3 10000 5466 0.100000
80 208 1 10000 1649 0.100000
95 208 6 10000 2811 0.100000
108 208 6 10000 6512 0.100000
133 208 0 10000 5323 0.100000
138 208 7 10000 4183 0.100000
161 208 5 10000 6884 0.100000
175 208 3 10000 3087 0.100000
66 208 0 10000 9384 0.100000
80 208 3 10000 9425 0.100000
95 208 1 10000 4185 0.100000
108 208 2 10000 1165 0.100000
133 208 7 10000 3482 0.100000
138 208 5 10000 1583 0.100000
161 208 4 10000 6433 0.100000
175 208 2 10000 6093 0.100000
66 208 0 10000 10256 0.100000
80 208 6 10000 1628 0.100000
95 208 6 10000 3202 0.100000
108 208 5 10000 4912 0.100000
133 208 3 10000 7886 0.100000
138 208 0 10000 2712 0.100000
161 208 0 10000 5035 0.100000
175 208 1 10000 2700 0.100000
66 208 4 10000 2038 0.100000
80 208 0 10000 9523 0.100000
95 208 1 10000 3813 0.100000
108 208 7 10000 2905 0.100000
133 208 2 10000 4148 0.100000
138 208 7 10000 6181 0.100000
161 208 1 10000 6677 0.100000
175 208 4 10000 3566 0.100000
66 208 5 10000 5490 0.100000
80 208 3 10000 6046 0.100000
95 208 5 10000 1786 0.100000
108 208 2 10000 7847 0.100000
133 208 6 10000 5421 0.100000
138 208 2 10000 9089 0.100000
161 208 3 10000 9984 0.100000
175 208 6 10000 7655 0.100000
66 208 6 10000 5721 0.100000
80 208 1 10000 2442 0.100000
95 208 0 10000 6657 0.100000
108 208 1 10000 3919 0.100000
133 208 2 10000 8906 0.100000
138 208 2 10000 5597 0.100000
161 208 3 10000 1372 0.100000
175 208 6 10000 9315 0.100000
66 208 7 10000 9399 0.100000
80 208 3 10000 7515 0.100000
95 208 7 10000 8746 0.100000
108 208 1 10000 1243 0.100000
133 208 7 10000 1100 0.100000
138 208 2 10000 5268 0.100000
161 208 0 10000 9493 0.100000
175 208 3 10000 7064 0.100000
66 208 1 10000 4723 0.100000
80 208 3 10000 2678 0.100000
95 208 5 10000 8673 0.100000
108 208 2 10000 1968 0.100000
133 208 2 10000 5226 0.100000
138 208 6 10000 7514 0.100000
161 208 1 10000 7548 0.100000
175 208 2 10000 1320 0.100000
66 208 1 10000 8535 0.100000
80 208 2 10000 6508 0.100000
95 208 1 10000 3405 0.100000
108 208 6 10000 7780 0.100000
133 208 0 10000 10482 0.100000
138 208 6 10000 8150 0.100000
161 208 1 10000 2516 0.100000
175 208 0 10000 10355 0.100000
66 208 4 10000 1077 0.100000
80 208 3 10000 1501 0.100000
95 208 2 10000 9061 0.100000
108 208 6 10000 9159 0.100000
133 208 3 10000 7961 0.100000
138 208 0 10000 9918 0.100000
161 208 6 10000 4883 0.100000
175 208 3 10000 4716 0.100000
66 208 5 10000 1788 0.100000
80 208 6 10000 7610 0.100000
95 208 6 10000 9324 0.100000
108 208 6 10000 1193 0.100000
133 208 5 10000 6992 0.100000
138 208 0 10000 9876 0.100000
161 208 0 10000 1668 0.100000
175 208 5 10000 1866 0.100000
66 208 0 10000 10250 0.100000
80 208 3 10000 1771 0.100000
95 208 6 10000 4183 0.100000
108 208 5 10000 1854 0.100000
133 208 0 10000 6946 0.100000
138 208 5 10000 8281 0.100000
161 208 4 10000 6277 0.100000
175 208 1 10000 5880 0.100000
66 208 1 10000 3176 0.100000
80 208 4 10000 4592 0.100000
95 208 6 10000 2154 0.100000
108 208 6 10000 1857 0.100000
133 208 5 10000 1265 0.100000
138 208 2 10000 1759 0.100000
161 208 7 10000 7742 0.100000
175 208 1 10000 3023 0.100000
66 208 1 10000 6258 0.100000
80 208 3 10000 7979 0.100000
95 208 7 10000 9805 0.100000
108 208 4 10000 1290 0.100000
133 208 3 10000 3296 0.100000
138 208 1 10000 8597 0.100000
161 208 7 10000 5731 0.100000
175 208 1 10000 3044 0.100000
66 208 7 10000 8355 0.100000
80 208 7 10000 6633 0.100000
95 208 5 10000 1440 0.100000
108 208 0 10000 5731 0.100000
133 208 3 10000 9332 0.100000
138 208 5 10000 4389 0.100000
161 208 1 10000 6626 0.100000
175 208 7 10000 6995 0.100000
66 208 2 10000 4025 0.100000
80 208 5 10000 1929 0.100000
95 208 3 10000 10427 0.100000
108 208 6 10000 1649 0.100000
133 208 3 10000 2037 0.100000
138 208 3 10000 8171 0.100000
161 208 7 10000 5934 0.100000
175 208 6 10000 8466 0.100000
66 208 5 10000 7687 0.100000
80 208 7 10000 7210 0.100000
95 208 3 10000 6502 0.100000
108 208 1 10000 6342 0.100000
133 208 3 10000 5390 0.100000
138 208 7 10000 5821 0.100000
161 208 3 10000 3341 0.100000
175 208 7 10000 1067 0.100000
66 208 1 10000 3914 0.100000
80 208 0 10000 8736 0.100000
95 208 0 10000 1481 0.100000
108 208 3 10000 9313 0.100000
133 208 1 10000 1085 0.100000
138 208 1 10000 1100 0.100000
161 208 3 10000 3453 0.100000
175 208 0 10000 9484 0.100000
66 208 2 10000 5064 0.100000
80 208 4 10000 2674 0.100000
95 208 6 10000 1211 0.100000
108 208 0 10000 8834 0.100000
133 208 5 10000 9254 0.100000
138 208 5 10000 2958 0.100000
161 208 6 10000 7736 0.100000
175 208 1 10000 1359 0.100000
66 208 7 10000 7697 0.100000
80 208 4 10000 6291 0.100000
95 208 4 10000 1854 0.100000
108 208 4 10000 4797 0.100000
133 208 4 10000 7738 0.100000
138 208 1 10000 8333 0.100000
161 208 2 10000 3149 0.100000
175 208 2 10000 8871 0.100000
66 208 7 10000 3268 0.100000
80 208 6 10000 2805 0.100000
95 208 0 10000 6761 0.100000
108 208 4 10000 1680 0.100000
133 208 2 10000 7451 0.100000
138 208 0 10000 4070 0.100000
161 208 4 10000 7966 0.100000
175 208 5 10000 6604 0.100000
66 208 2 10000 2576 0.100000
80 208 5 10000 7476 0.100000
95 208 6 10000 5246 0.100000
108 208 3 10000 4270 0.100000
133 208 7 10000 5653 0.100000
138 208 5 10000 4240 0.100000
161 208 1 10000 9979 0.100000
175 208 0 10000 4006 0.100000
66 208 3 10000 10127 0.100000
80 208 4 10000 10385 0.100000
95 208 7 10000 7938 0.100000
108 208 1 10000 6145 0.100000
133 208 4 10000 5328 0.100000
138 208 3 10000 4817 0.100000
161 208 7 10000 4939 0.100000
175 208 6 10000 1670 0.100000
