512
57 256 3 10000 2805 0.100000
82 256 3 10000 5326 0.100000
102 256 2 10000 1318 0.100000
114 256 0 10000 3707 0.100000
127 256 4 10000 3833 0.100000
150 256 7 10000 10062 0.100000
161 256 5 10000 3684 0.100000
182 256 3 10000 6005 0.100000
57 256 6 10000 2365 0.100000
82 256 5 10000 2213 0.100000
102 256 2 10000 2917 0.100000
114 256 6 10000 9302 0.100000
127 256 6 10000 1125 0.100000
150 256 6 10000 1791 0.100000
161 256 1 10000 1380 0.100000
182 256 6 10000 8216 0.100000
57 256 5 10000 9533 0.100000
82 256 7 10000 9472 0.100000
102 256 2 10000 6257 0.100000
114 256 2 10000 7249 0.100000
127 256 6 10000 7098 0.100000
150 256 2 10000 4715 0.100000
161 256 5 10000 5252 0.100000
182 256 0 10000 6091 0.100000
57 256 4 10000 6699 0.100000
82 256 0 10000 4951 0.100000
102 256 6 10000 4298 0.100000
114 256 3 10000 5306 0.100000
127 256 6 10000 7593 0.100000
150 256 0 10000 9826 0.100000
161 256 1 10000 5369 0.100000
182 256 4 10000 9959 0.100000
57 256 6 10000 1780 0.100000
82 256 2 10000 7834 0.100000
102 256 5 10000 4826 0.100000
114 256 2 10000 10375 0.100000
127 256 3 10000 2336 0.100000
150 256 5 10000 4428 0.100000
161 256 0 10000 9092 0.100000
182 256 0 10000 8872 0.100000
57 256 1 10000 1761 0.100000
82 256 4 10000 9888 0.100000
102 256 7 10000 9713 0.100000
114 256 6 10000 1433 0.100000
127 256 1 10000 7071 0.100000
150 256 0 10000 9700 0.100000
161 256 3 10000 5055 0.100000
182 256 4 10000 6396 0.100000
57 256 1 10000 4058 0.100000
82 256 2 10000 5268 0.100000
102 256 5 10000 5636 0.100000
114 256 1 10000 9571 0.100000
127 256 3 10000 4393 0.100000
150 256 7 10000 10445 0.100000
161 256 1 10000 6155 0.100000
182 256 7 10000 6209 0.100000
57 256 2 10000 6922 0.100000
82 256 0 10000 8731 0.100000
102 256 4 10000 4780 0.100000
114 256 2 10000 1818 0.100000
127 256 3 10000 7014 0.100000
150 256 0 10000 1980 0.100000
161 256 7 10000 9578 0.100000
182 256 6 10000 8552 0.100000
57 256 7 10000 6635 0.100000
82 256 5 10000 1059 0.100000
102 256 0 10000 6432 0.100000
114 256 3 10000 6396 0.100000
127 256 7 10000 7488 0.100000
150 256 0 10000 4739 0.100000
161 256 6 10000 8638 0.100000
182 256 3 10000 4694 0.100000
57 256 6 10000 2189 0.100000
82 256 4 10000 4082 0.100000
102 256 4 10000 8964 0.100000
114 256 4 10000 2467 0.100000
127 256 5 10000 2612 0.100000
150 256 6 10000 4805 0.100000
161 256 2 10000 6350 0.100000
182 256 6 10000 8024 0.100000
57 256 1 10000 5667 0.100000
82 256 2 10000 5485 0.100000
102 256 3 10000 8038 0.100000
114 256 4 10000 10204 0.100000
127 256 5 10000 2311 0.100000
150 256 7 10000 9899 0.100000
161 256 2 10000 8592 0.100000
182 256 5 10000 9361 0.100000
57 256 7 10000 4454 0.100000
82 256 0 10000 7539 0.100000
102 256 1 10000 5418 0.100000
114 256 6 10000 1544 0.100000
127 256 1 10000 9314 0.100000
150 256 4 10000 2491 0.100000
161 256 6 10000 6193 0.100000
182 256 0 10000 2059 0.100000
57 256 0 10000 3651 0.100000
82 256 5 10000 7967 0.100000
102 256 3 10000 6586 0.100000
114 256 6 10000 3170 0.100000
127 256 7 10000 9778 0.100000
150 256 3 10000 10392 0.100000
161 256 7 10000 9062 0.100000
182 256 7 10000 7465 0.100000
57 256 5 10000 5423 0.100000
82 256 0 10000 3298 0.100000
102 256 3 10000 6043 0.100000
114 256 7 10000 3086 0.100000
127 256 4 10000 6830 0.100000
150 256 1 10000 4292 0.100000
161 256 7 10000 5622 0.100000
182 256 0 10000 3192 0.100000
57 256 2 10000 8064 0.100000
82 256 5 10000 8289 0.100000
102 256 5 10000 4083 0.100000
114 256 3 10000 7364 0.100000
127 256 7 10000 7122 0.100000
150 256 6 10000 4048 0.100000
161 256 7 10000 7254 0.100000
182 256 4 10000 6771 0.100000
57 256 4 10000 1282 0.100000
82 256 3 10000 6165 0.100000
102 256 3 10000 8581 0.100000
114 256 5 10000 7056 0.100000
127 256 5 10000 5023 0.100000
150 256 6 10000 6055 0.100000
161 256 2 10000 4089 0.100000
182 256 0 10000 5445 0.100000
57 256 7 10000 1613 0.100000
82 256 5 10000 5361 0.100000
102 256 4 10000 9352 0.100000
114 256 6 10000 7056 0.100000
127 256 3 10000 1237 0.100000
150 256 1 10000 10481 0.100000
161 256 7 10000 7510 0.100000
182 256 2 10000 8536 0.100000
57 256 0 10000 5622 0.100000
82 256 3 10000 9630 0.100000
102 256 5 10000 3511 0.100000
114 256 7 10000 2102 0.100000
127 256 5 10000 9735 0.100000
150 256 3 10000 5603 0.100000
161 256 4 10000 4819 0.100000
182 256 0 10000 3255 0.100000
57 256 7 10000 5077 0.100000
82 256 5 10000 6262 0.100000
102 256 4 10000 4014 0.100000
114 256 4 10000 2067 0.100000
127 256 2 10000 5403 0.100000
150 256 0 10000 6108 0.100000
161 256 6 10000 9699 0.100000
182 256 6 10000 10410 0.100000
57 256 0 10000 10096 0.100000
82 256 7 10000 7770 0.100000
102 256 3 10000 5326 0.100000
114 256 2 10000 9230 0.100000
127 256 2 10000 6205 0.100000
150 256 7 10000 8856 0.100000
161 256 1 10000 2919 0.100000
182 256 5 10000 8522 0.100000
57 256 7 10000 4296 0.100000
82 256 7 10000 10059 0.100000
102 256 1 10000 6776 0.100000
114 256 6 10000 3106 0.100000
127 256 6 10000 3681 0.100000
150 256 1 10000 9250 0.100000
161 256 3 10000 7392 0.100000
182 256 7 10000 2489 0.100000
57 256 3 10000 9900 0.100000
82 256 7 10000 4362 0.100000
102 256 1 10000 5944 0.100000
114 256 0 10000 4665 0.100000
127 256 1 10000 3018 0.100000
150 256 6 10000 8182 0.100000
161 256 6 10000 3067 0.100000
182 256 6 10000 3895 0.100000
57 256 4 10000 7712 0.100000
82 256 6 10000 9094 0.100000
102 256 6 10000 3940 0.100000
114 256 1 10000 9475 0.100000
127 256 2 10000 4072 0.100000
150 256 4 10000 8841 0.100000
161 256 2 10000 3162 0.100000
182 256 4 10000 9338 0.100000
57 256 6 10000 10311 0.100000
82 256 6 10000 8430 0.100000
102 256 0 10000 8697 0.100000
114 256 1 10000 7633 0.100000
127 256 7 10000 2593 0.100000
150 256 4 10000 9753 0.100000
161 256 5 10000 8771 0.100000
182 256 2 10000 6652 0.100000
57 256 7 10000 10055 0.100000
82 256 5 10000 3944 0.100000
102 256 3 10000 6341 0.100000
114 256 2 10000 9484 0.100000
127 256 0 10000 1483 0.100000
150 256 3 10000 5953 0.100000
161 256 1 10000 4785 0.100000
182 256 7 10000 5062 0.100000
57 256 4 10000 6772 0.100000
82 256 4 10000 3206 0.100000
102 256 4 10000 9074 0.100000
114 256 1 10000 2148 0.100000
127 256 5 10000 6329 0.100000
150 256 2 10000 4081 0.100000
161 256 1 10000 10400 0.100000
182 256 1 10000 6640 0.100000
57 256 1 10000 8508 0.100000
82 256 1 10000 1081 0.100000
102 256 7 10000 1485 0.100000
114 256 6 10000 8703 0.100000
127 256 7 10000 8220 0.100000
150 256 3 10000 3011 0.100000
161 256 3 10000 2680 0.100000
182 256 6 10000 6044 0.100000
57 256 5 10000 5139 0.100000
82 256 3 10000 4290 0.100000
102 256 6 10000 6015 0.100000
114 256 2 10000 6901 0.100000
127 256 5 10000 1185 0.100000
150 256 3 10000 7101 0.100000
161 256 3 10000 5127 0.100000
182 256 2 10000 2535 0.100000
57 256 0 10000 2731 0.100000
82 256 2 10000 6708 0.100000
102 256 4 10000 7819 0.100000
114 256 7 10000 6544 0.100000
127 256 1 10000 5952 0.100000
150 256 5 10000 8582 0.100000
161 256 7 10000 1758 0.100000
182 256 3 10000 2648 0.100000
57 256 7 10000 1080 0.100000
82 256 5 10000 8240 0.100000
102 256 2 10000 7251 0.100000
114 256 3 10000 4180 0.100000
127 256 0 10000 2173 0.100000
150 256 4 10000 4680 0.100000
161 256 5 10000 6193 0.100000
182 256 5 10000 7565 0.100000
57 256 3 10000 7694 0.100000
82 256 7 10000 9610 0.100000
102 256 3 10000 8380 0.100000
114 256 6 10000 4996 0.100000
127 256 6 10000 6087 0.100000
150 256 4 10000 6240 0.100000
161 256 1 10000 1558 0.100000
182 256 6 10000 4304 0.100000
57 256 2 10000 7970 0.100000
82 256 7 10000 4285 0.100000
102 256 2 10000 1504 0.100000
114 256 6 10000 1435 0.100000
127 256 4 10000 3408 0.100000
150 256 4 10000 3512 0.100000
161 256 2 10000 2330 0.100000
182 256 1 10000 3984 0.100000
57 256 4 10000 8547 0.100000
82 256 4 10000 4614 0.100000
102 256 5 10000 1890 0.100000
114 256 6 10000 9158 0.100000
127 256 2 10000 2052 0.100000
150 256 3 10000 9482 0.100000
161 256 7 10000 3304 0.100000
182 256 1 10000 2633 0.100000
57 256 2 10000 1360 0.100000
82 256 3 10000 9632 0.100000
102 256 2 10000 9526 0.100000
114 256 3 10000 1736 0.100000
127 256 1 10000 7241 0.100000
150 256 0 10000 7216 0.100000
161 256 5 10000 6050 0.100000
182 256 7 10000 8193 0.100000
57 256 1 10000 8340 0.100000
82 256 0 10000 7563 0.100000
102 256 0 10000 5033 0.100000
114 256 0 10000 6256 0.100000
127 256 0 10000 1152 0.100000
150 256 5 10000 5580 0.100000
161 256 6 10000 9787 0.100000
182 256 0 10000 2379 0.100000
57 256 3 10000 3037 0.100000
82 256 4 10000 4593 0.100000
102 256 3 10000 8033 0.100000
114 256 0 10000 7051 0.100000
127 256 7 10000 5445 0.100000
150 256 3 10000 4166 0.100000
161 256 1 10000 2856 0.100000
182 256 1 10000 6821 0.100000
57 256 4 10000 6625 0.100000
82 256 2 10000 2425 0.100000
102 256 7 10000 2857 0.100000
114 256 6 10000 1841 0.100000
127 256 1 10000 4991 0.100000
150 256 6 10000 5961 0.100000
161 256 1 10000 9272 0.100000
182 256 6 10000 6367 0.100000
57 256 2 10000 1352 0.100000
82 256 5 10000 6126 0.100000
102 256 3 10000 7725 0.100000
114 256 0 10000 1507 0.100000
127 256 1 10000 8105 0.100000
150 256 0 10000 2851 0.100000
161 256 1 10000 6759 0.100000
182 256 3 10000 8034 0.100000
57 256 0 10000 7508 0.100000
82 256 4 10000 4576 0.100000
102 256 4 10000 7155 0.100000
114 256 3 10000 5524 0.100000
127 256 7 10000 4532 0.100000
150 256 2 10000 2036 0.100000
161 256 0 10000 7996 0.100000
182 256 0 10000 3004 0.100000
57 256 5 10000 4345 0.100000
82 256 5 10000 4429 0.100000
102 256 0 10000 7069 0.100000
114 256 3 10000 4053 0.100000
127 256 5 10000 8298 0.100000
150 256 2 10000 6221 0.100000
161 256 0 10000 6089 0.100000
182 256 7 10000 1774 0.100000
57 256 4 10000 7958 0.100000
82 256 4 10000 10299 0.100000
102 256 5 10000 6463 0.100000
114 256 5 10000 2681 0.100000
127 256 6 10000 4578 0.100000
150 256 2 10000 5794 0.100000
161 256 0 10000 6636 0.100000
182 256 7 10000 5901 0.100000
57 256 1 10000 2401 0.100000
82 256 3 10000 7250 0.100000
102 256 3 10000 2696 0.100000
114 256 0 10000 4982 0.100000
127 256 1 10000 7700 0.100000
150 256 6 10000 9398 0.100000
161 256 7 10000 1495 0.100000
182 256 5 10000 3652 0.100000
57 256 1 10000 9561 0.100000
82 256 5 10000 9510 0.100000
102 256 6 10000 9952 0.100000
114 256 0 10000 5431 0.100000
127 256 3 10000 5418 0.100000
150 256 2 10000 1284 0.100000
161 256 0 10000 9686 0.100000
182 256 2 10000 6528 0.100000
57 256 5 10000 9170 0.100000
82 256 3 10000 10181 0.100000
102 256 0 10000 4266 0.100000
114 256 7 10000 1447 0.100000
127 256 3 10000 8636 0.100000
150 256 7 10000 4508 0.100000
161 256 1 10000 3623 0.100000
182 256 0 10000 7227 0.100000
57 256 6 10000 6181 0.100000
82 256 5 10000 4493 0.100000
102 256 0 10000 8715 0.100000
114 256 4 10000 9782 0.100000
127 256 7 10000 10297 0.100000
150 256 1 10000 4218 0.100000
161 256 4 10000 1425 0.100000
182 256 5 10000 3022 0.100000
57 256 4 10000 1288 0.100000
82 256 5 10000 2010 0.100000
102 256 1 10000 10336 0.100000
114 256 1 10000 5122 0.100000
127 256 6 10000 2307 0.100000
150 256 7 10000 1611 0.100000
161 256 0 10000 1673 0.100000
182 256 4 10000 9684 0.100000
57 256 5 10000 6156 0.100000
82 256 1 10000 3317 0.100000
102 256 3 10000 5257 0.100000
114 256 1 10000 1190 0.100000
127 256 4 10000 6508 0.100000
150 256 2 10000 6390 0.100000
161 256 5 10000 5227 0.100000
182 256 6 10000 3500 0.100000
57 256 5 10000 7108 0.100000
82 256 6 10000 2363 0.100000
102 256 4 10000 5561 0.100000
114 256 1 10000 3656 0.100000
127 256 7 10000 2077 0.100000
150 256 1 10000 2031 0.100000
161 256 3 10000 3217 0.100000
182 256 1 10000 6641 0.100000
57 256 2 10000 5340 0.100000
82 256 1 10000 9375 0.100000
102 256 6 10000 2888 0.100000
114 256 1 10000 2664 0.100000
127 256 4 10000 9691 0.100000
150 256 3 10000 3692 0.100000
161 256 4 10000 1683 0.100000
182 256 6 10000 6800 0.100000
57 256 2 10000 7950 0.100000
82 256 1 10000 3259 0.100000
102 256 1 10000 7559 0.100000
114 256 6 10000 6058 0.100000
127 256 1 10000 2062 0.100000
150 256 0 10000 2341 0.100000
161 256 1 10000 3812 0.100000
182 256 3 10000 4727 0.100000
57 256 0 10000 3105 0.100000
82 256 6 10000 8679 0.100000
102 256 6 10000 6707 0.100000
114 256 5 10000 7595 0.100000
127 256 7 10000 5172 0.100000
150 256 2 10000 4764 0.100000
161 256 3 10000 7563 0.100000
182 256 4 10000 2717 0.100000
57 256 4 10000 5090 0.100000
82 256 4 10000 5773 0.100000
102 256 6 10000 3899 0.100000
114 256 2 10000 9527 0.100000
127 256 0 10000 9214 0.100000
150 256 4 10000 1985 0.100000
161 256 5 10000 4400 0.100000
182 256 0 10000 6799 0.100000
57 256 5 10000 1173 0.100000
82 256 4 10000 3764 0.100000
102 256 1 10000 8364 0.100000
114 256 3 10000 7714 0.100000
127 256 2 10000 6608 0.100000
150 256 7 10000 9301 0.100000
161 256 2 10000 2488 0.100000
182 256 0 10000 9470 0.100000
57 256 7 10000 4153 0.100000
82 256 7 10000 5859 0.100000
102 256 1 10000 1895 0.100000
114 256 5 10000 2384 0.100000
127 256 5 10000 8776 0.100000
150 256 1 10000 7309 0.100000
161 256 5 10000 6689 0.100000
182 256 1 10000 10307 0.100000
57 256 4 10000 7043 0.100000
82 256 5 10000 3859 0.100000
102 256 6 10000 5344 0.100000
114 256 3 10000 6375 0.100000
127 256 2 10000 3360 0.100000
150 256 1 10000 9168 0.100000
161 256 3 10000 3200 0.100000
182 256 4 10000 3424 0.100000
57 256 4 10000 9849 0.100000
82 256 7 10000 3928 0.100000
102 256 0 10000 3769 0.100000
114 256 0 10000 3648 0.100000
127 256 1 10000 8749 0.100000
150 256 2 10000 7491 0.100000
161 256 5 10000 2834 0.100000
182 256 3 10000 5456 0.100000
57 256 2 10000 1599 0.100000
82 256 4 10000 6680 0.100000
102 256 7 10000 9701 0.100000
114 256 1 10000 5146 0.100000
127 256 1 10000 5931 0.100000
150 256 5 10000 7420 0.100000
161 256 2 10000 7305 0.100000
182 256 3 10000 2065 0.100000
57 256 3 10000 2063 0.100000
82 256 2 10000 5757 0.100000
102 256 1 10000 4733 0.100000
114 256 0 10000 1304 0.100000
127 256 1 10000 2947 0.100000
150 256 3 10000 2155 0.100000
161 256 4 10000 8168 0.100000
182 256 4 10000 6207 0.100000
57 256 2 10000 2452 0.100000
82 256 4 10000 5215 0.100000
102 256 7 10000 9071 0.100000
114 256 0 10000 7279 0.100000
127 256 5 10000 3366 0.100000
150 256 2 10000 9076 0.100000
161 256 7 10000 1444 0.100000
182 256 2 10000 8220 0.100000
57 256 0 10000 6179 0.100000
82 256 7 10000 7752 0.100000
102 256 7 10000 9742 0.100000
114 256 7 10000 4133 0.100000
127 256 5 10000 7808 0.100000
150 256 6 10000 6178 0.100000
161 256 1 10000 2117 0.100000
182 256 3 10000 6882 0.100000
57 256 0 10000 8562 0.100000
82 256 6 10000 5914 0.100000
102 256 6 10000 8627 0.100000
114 256 2 10000 8552 0.100000
127 256 6 10000 4237 0.100000
150 256 3 10000 7942 0.100000
161 256 0 10000 1721 0.100000
182 256 7 10000 2948 0.100000
57 256 1 10000 5792 0.100000
82 256 7 10000 6320 0.100000
102 256 0 10000 7025 0.100000
114 256 2 10000 3199 0.100000
127 256 0 10000 2645 0.100000
150 256 1 10000 3466 0.100000
161 256 7 10000 1187 0.100000
182 256 4 10000 3438 0.100000
57 256 2 10000 7246 0.100000
82 256 3 10000 5000 0.100000
102 256 2 10000 4576 0.100000
114 256 1 10000 6158 0.100000
127 256 3 10000 4609 0.100000
150 256 1 10000 7865 0.100000
161 256 1 10000 8286 0.100000
182 256 6 10000 8962 0.100000
57 256 4 10000 6206 0.100000
82 256 6 10000 9212 0.100000
102 256 0 10000 9232 0.100000
114 256 1 10000 2928 0.100000
127 256 5 10000 2189 0.100000
150 256 1 10000 3024 0.100000
161 256 5 10000 9338 0.100000
182 256 7 10000 3203 0.100000
