1024
63 61 2 10000 7799 0.100000
73 61 4 10000 3234 0.100000
94 61 3 10000 7814 0.100000
119 61 2 10000 6121 0.100000
123 61 5 10000 9597 0.100000
146 61 4 10000 7363 0.100000
163 61 3 10000 8531 0.100000
180 61 1 10000 5766 0.100000
63 61 7 10000 10300 0.100000
73 61 7 10000 6861 0.100000
94 61 0 10000 9759 0.100000
119 61 0 10000 7038 0.100000
123 61 7 10000 2148 0.100000
146 61 1 10000 9399 0.100000
163 61 4 10000 6196 0.100000
180 61 4 10000 1873 0.100000
63 61 0 10000 3669 0.100000
73 61 7 10000 5419 0.100000
94 61 4 10000 3901 0.100000
119 61 4 10000 6197 0.100000
123 61 3 10000 8457 0.100000
146 61 3 10000 7861 0.100000
163 61 6 10000 8226 0.100000
180 61 0 10000 5857 0.100000
63 61 4 10000 10088 0.100000
73 61 6 10000 8742 0.100000
94 61 1 10000 3054 0.100000
119 61 1 10000 7879 0.100000
123 61 1 10000 9875 0.100000
146 61 2 10000 9266 0.100000
163 61 7 10000 4744 0.100000
180 61 4 10000 8522 0.100000
63 61 7 10000 5885 0.100000
73 61 6 10000 8400 0.100000
94 61 4 10000 7339 0.100000
119 61 2 10000 8814 0.100000
123 61 3 10000 5115 0.100000
146 61 1 10000 9714 0.100000
163 61 1 10000 6378 0.100000
180 61 6 10000 9362 0.100000
63 61 5 10000 5829 0.100000
73 61 1 10000 4633 0.100000
94 61 5 10000 5701 0.100000
119 61 5 10000 6812 0.100000
123 61 7 10000 8712 0.100000
146 61 0 10000 8771 0.100000
163 61 0 10000 9038 0.100000
180 61 7 10000 1976 0.100000
63 61 4 10000 7312 0.100000
73 61 5 10000 4580 0.100000
94 61 0 10000 1380 0.100000
119 61 1 10000 9185 0.100000
123 61 3 10000 2792 0.100000
146 61 4 10000 2799 0.100000
163 61 2 10000 8947 0.100000
180 61 2 10000 6945 0.100000
63 61 2 10000 2868 0.100000
73 61 2 10000 10347 0.100000
94 61 5 10000 7456 0.100000
119 61 7 10000 3183 0.100000
123 61 4 10000 1926 0.100000
146 61 5 10000 7190 0.100000
163 61 5 10000 3777 0.100000
180 61 5 10000 2804 0.100000
63 61 7 10000 8920 0.100000
73 61 4 10000 9971 0.100000
94 61 5 10000 8281 0.100000
119 61 5 10000 3667 0.100000
123 61 6 10000 6217 0.100000
146 61 2 10000 5573 0.100000
163 61 3 10000 8394 0.100000
180 61 4 10000 3640 0.100000
63 61 2 10000 3632 0.100000
73 61 0 10000 4150 0.100000
94 61 2 10000 1910 0.100000
119 61 4 10000 2271 0.100000
123 61 0 10000 8068 0.100000
146 61 4 10000 7858 0.100000
163 61 0 10000 8726 0.100000
180 61 2 10000 7357 0.100000
63 61 5 10000 3673 0.100000
73 61 0 10000 2842 0.100000
94 61 4 10000 9665 0.100000
119 61 7 10000 8085 0.100000
123 61 0 10000 7948 0.100000
146 61 7 10000 4939 0.100000
163 61 7 10000 3905 0.100000
180 61 5 10000 1612 0.100000
63 61 0 10000 5053 0.100000
73 61 2 10000 3016 0.100000
94 61 5 10000 7588 0.100000
119 61 3 10000 4058 0.100000
123 61 0 10000 7332 0.100000
146 61 0 10000 8137 0.100000
163 61 5 10000 1748 0.100000
180 61 6 10000 7563 0.100000
63 61 1 10000 6683 0.100000
73 61 4 10000 5621 0.100000
94 61 5 10000 3173 0.100000
119 61 3 10000 7708 0.100000
123 61 4 10000 5485 0.100000
146 61 1 10000 2785 0.100000
163 61 0 10000 1607 0.100000
180 61 2 10000 1606 0.100000
63 61 6 10000 9298 0.100000
73 61 6 10000 1621 0.100000
94 61 4 10000 2030 0.100000
119 61 6 10000 3461 0.100000
123 61 3 10000 4178 0.100000
146 61 1 10000 7132 0.100000
163 61 1 10000 8871 0.100000
180 61 5 10000 3140 0.100000
63 61 6 10000 8981 0.100000
73 61 2 10000 7890 0.100000
94 61 0 10000 6708 0.100000
119 61 6 10000 6982 0.100000
123 61 3 10000 2402 0.100000
146 61 4 10000 4602 0.100000
163 61 4 10000 4038 0.100000
180 61 2 10000 1599 0.100000
63 61 7 10000 1832 0.100000
73 61 4 10000 4690 0.100000
94 61 1 10000 1808 0.100000
119 61 7 10000 8723 0.100000
123 61 2 10000 3834 0.100000
146 61 2 10000 10467 0.100000
163 61 7 10000 5307 0.100000
180 61 5 10000 9549 0.100000
63 61 3 10000 7764 0.100000
73 61 7 10000 5966 0.100000
94 61 2 10000 10121 0.100000
119 61 6 10000 1602 0.100000
123 61 1 10000 9205 0.100000
146 61 6 10000 8954 0.100000
163 61 7 10000 4630 0.100000
180 61 0 10000 3030 0.100000
63 61 1 10000 2118 0.100000
73 61 3 10000 1604 0.100000
94 61 5 10000 3937 0.100000
119 61 2 10000 4537 0.100000
123 61 3 10000 7158 0.100000
146 61 2 10000 3531 0.100000
163 61 3 10000 8858 0.100000
180 61 7 10000 6677 0.100000
63 61 0 10000 5575 0.100000
73 61 4 10000 9845 0.100000
94 61 0 10000 7719 0.100000
119 61 3 10000 4188 0.100000
123 61 4 10000 5724 0.100000
146 61 6 10000 10258 0.100000
163 61 4 10000 7924 0.100000
180 61 0 10000 5726 0.100000
63 61 1 10000 3890 0.100000
73 61 6 10000 2808 0.100000
94 61 6 10000 7197 0.100000
119 61 5 10000 6267 0.100000
123 61 2 10000 8885 0.100000
146 61 3 10000 4344 0.100000
163 61 7 10000 1983 0.100000
180 61 2 10000 3075 0.100000
63 61 4 10000 7439 0.100000
73 61 1 10000 7517 0.100000
94 61 0 10000 6281 0.100000
119 61 7 10000 7425 0.100000
123 61 1 10000 1896 0.100000
146 61 2 10000 8217 0.100000
163 61 5 10000 5471 0.100000
180 61 4 10000 2434 0.100000
63 61 0 10000 5498 0.100000
73 61 3 10000 9258 0.100000
94 61 7 10000 1605 0.100000
119 61 2 10000 8002 0.100000
123 61 7 10000 1601 0.100000
146 61 5 10000 1227 0.100000
163 61 3 10000 6441 0.100000
180 61 6 10000 3874 0.100000
63 61 3 10000 8617 0.100000
73 61 2 10000 5650 0.100000
94 61 6 10000 5554 0.100000
119 61 5 10000 7713 0.100000
123 61 0 10000 5983 0.100000
146 61 5 10000 2499 0.100000
163 61 1 10000 1575 0.100000
180 61 6 10000 6422 0.100000
63 61 6 10000 4997 0.100000
73 61 2 10000 4172 0.100000
94 61 6 10000 9190 0.100000
119 61 1 10000 2984 0.100000
123 61 1 10000 9293 0.100000
146 61 5 10000 2963 0.100000
163 61 2 10000 6882 0.100000
180 61 2 10000 8668 0.100000
63 61 2 10000 2344 0.100000
73 61 6 10000 5934 0.100000
94 61 2 10000 3496 0.100000
119 61 2 10000 3432 0.100000
123 61 5 10000 5189 0.100000
146 61 4 10000 2235 0.100000
163 61 7 10000 6591 0.100000
180 61 7 10000 7597 0.100000
63 61 1 10000 9269 0.100000
73 61 6 10000 7330 0.100000
94 61 7 10000 3764 0.100000
119 61 2 10000 5384 0.100000
123 61 5 10000 9787 0.100000
146 61 3 10000 8364 0.100000
163 61 6 10000 1285 0.100000
180 61 7 10000 10438 0.100000
63 61 3 10000 4990 0.100000
73 61 4 10000 1849 0.100000
94 61 3 10000 4312 0.100000
119 61 7 10000 9626 0.100000
123 61 3 10000 7632 0.100000
146 61 1 10000 6949 0.100000
163 61 2 10000 7576 0.100000
180 61 6 10000 9814 0.100000
63 61 6 10000 7467 0.100000
73 61 0 10000 10144 0.100000
94 61 0 10000 9124 0.100000
119 61 5 10000 8047 0.100000
123 61 5 10000 5052 0.100000
146 61 0 10000 1473 0.100000
163 61 0 10000 4177 0.100000
180 61 2 10000 9178 0.100000
63 61 5 10000 1276 0.100000
73 61 3 10000 7914 0.100000
94 61 0 10000 5762 0.100000
119 61 7 10000 1145 0.100000
123 61 2 10000 10450 0.100000
146 61 0 10000 4989 0.100000
163 61 3 10000 8643 0.100000
180 61 1 10000 5493 0.100000
63 61 2 10000 2919 0.100000
73 61 3 10000 8972 0.100000
94 61 4 10000 8592 0.100000
119 61 2 10000 9418 0.100000
123 61 3 10000 3992 0.100000
146 61 2 10000 7888 0.100000
163 61 4 10000 6547 0.100000
180 61 4 10000 3697 0.100000
63 61 7 10000 8038 0.100000
73 61 2 10000 5183 0.100000
94 61 3 10000 7680 0.100000
119 61 3 10000 3420 0.100000
123 61 4 10000 1549 0.100000
146 61 7 10000 3966 0.100000
163 61 1 10000 6848 0.100000
180 61 1 10000 8036 0.100000
63 61 1 10000 9457 0.100000
73 61 0 10000 9541 0.100000
94 61 0 10000 10012 0.100000
119 61 0 10000 5458 0.100000
123 61 0 10000 4536 0.100000
146 61 3 10000 7660 0.100000
163 61 2 10000 8391 0.100000
180 61 2 10000 5557 0.100000
63 61 4 10000 6574 0.100000
73 61 2 10000 4164 0.100000
94 61 7 10000 7079 0.100000
119 61 4 10000 3332 0.100000
123 61 6 10000 9245 0.100000
146 61 3 10000 3295 0.100000
163 61 7 10000 4060 0.100000
180 61 2 10000 3527 0.100000
63 61 1 10000 6340 0.100000
73 61 5 10000 5044 0.100000
94 61 2 10000 6419 0.100000
119 61 0 10000 2665 0.100000
123 61 6 10000 4196 0.100000
146 61 2 10000 8474 0.100000
163 61 4 10000 7114 0.100000
180 61 1 10000 2481 0.100000
63 61 6 10000 6724 0.100000
73 61 1 10000 8130 0.100000
94 61 0 10000 10220 0.100000
119 61 6 10000 3960 0.100000
123 61 4 10000 6501 0.100000
146 61 1 10000 4820 0.100000
163 61 3 10000 8183 0.100000
180 61 6 10000 1127 0.100000
63 61 5 10000 8839 0.100000
73 61 5 10000 3548 0.100000
94 61 6 10000 7678 0.100000
119 61 4 10000 9084 0.100000
123 61 1 10000 2618 0.100000
146 61 1 10000 4609 0.100000
163 61 2 10000 1113 0.100000
180 61 7 10000 3650 0.100000
63 61 3 10000 3040 0.100000
73 61 1 10000 10064 0.100000
94 61 4 10000 7754 0.100000
119 61 5 10000 7172 0.100000
123 61 0 10000 7941 0.100000
146 61 3 10000 8307 0.100000
163 61 5 10000 2112 0.100000
180 61 6 10000 8735 0.100000
63 61 6 10000 7100 0.100000
73 61 5 10000 2311 0.100000
94 61 6 10000 7969 0.100000
119 61 7 10000 7860 0.100000
123 61 0 10000 4132 0.100000
146 61 2 10000 4359 0.100000
163 61 6 10000 5658 0.100000
180 61 4 10000 6878 0.100000
63 61 1 10000 5903 0.100000
73 61 3 10000 8604 0.100000
94 61 0 10000 5561 0.100000
119 61 3 10000 5276 0.100000
123 61 2 10000 6028 0.100000
146 61 1 10000 8063 0.100000
163 61 2 10000 8260 0.100000
180 61 3 10000 3056 0.100000
63 61 7 10000 8899 0.100000
73 61 7 10000 5605 0.100000
94 61 4 10000 3531 0.100000
119 61 2 10000 3484 0.100000
123 61 1 10000 4168 0.100000
146 61 4 10000 3250 0.100000
163 61 1 10000 9095 0.100000
180 61 3 10000 9659 0.100000
63 61 1 10000 1523 0.100000
73 61 3 10000 5367 0.100000
94 61 7 10000 4472 0.100000
119 61 1 10000 8661 0.100000
123 61 5 10000 2742 0.100000
146 61 0 10000 4013 0.100000
163 61 5 10000 10116 0.100000
180 61 3 10000 10436 0.100000
63 61 5 10000 1296 0.100000
73 61 3 10000 4994 0.100000
94 61 2 10000 9001 0.100000
119 61 1 10000 1458 0.100000
123 61 4 10000 6318 0.100000
146 61 3 10000 6462 0.100000
163 61 1 10000 4700 0.100000
180 61 5 10000 8204 0.100000
63 61 3 10000 5994 0.100000
73 61 3 10000 2147 0.100000
94 61 7 10000 2355 0.100000
119 61 1 10000 7436 0.100000
123 61 3 10000 4331 0.100000
146 61 5 10000 5431 0.100000
163 61 7 10000 2477 0.100000
180 61 5 10000 5419 0.100000
63 61 3 10000 5128 0.100000
73 61 2 10000 6479 0.100000
94 61 4 10000 2857 0.100000
119 61 7 10000 7931 0.100000
123 61 2 10000 3517 0.100000
146 61 0 10000 7727 0.100000
163 61 2 10000 5322 0.100000
180 61 5 10000 10294 0.100000
63 61 0 10000 3964 0.100000
73 61 4 10000 6864 0.100000
94 61 7 10000 3037 0.100000
119 61 6 10000 2726 0.100000
123 61 1 10000 8217 0.100000
146 61 2 10000 7242 0.100000
163 61 4 10000 4329 0.100000
180 61 1 10000 6123 0.100000
63 61 5 10000 5223 0.100000
73 61 6 10000 6732 0.100000
94 61 1 10000 4410 0.100000
119 61 3 10000 9728 0.100000
123 61 6 10000 2911 0.100000
146 61 3 10000 7999 0.100000
163 61 7 10000 5928 0.100000
180 61 6 10000 2420 0.100000
63 61 6 10000 2735 0.100000
73 61 6 10000 1231 0.100000
94 61 5 10000 5624 0.100000
119 61 3 10000 4849 0.100000
123 61 7 10000 1382 0.100000
146 61 7 10000 5024 0.100000
163 61 6 10000 8928 0.100000
180 61 1 10000 3181 0.100000
63 61 7 10000 5405 0.100000
73 61 7 10000 1117 0.100000
94 61 6 10000 7338 0.100000
119 61 3 10000 2359 0.100000
123 61 2 10000 2861 0.100000
146 61 7 10000 9918 0.100000
163 61 4 10000 1056 0.100000
180 61 6 10000 8616 0.100000
63 61 2 10000 8199 0.100000
73 61 7 10000 3411 0.100000
94 61 0 10000 5627 0.100000
119 61 1 10000 10354 0.100000
123 61 6 10000 3896 0.100000
146 61 3 10000 2143 0.100000
163 61 1 10000 7374 0.100000
180 61 7 10000 10309 0.100000
63 61 7 10000 6309 0.100000
73 61 6 10000 5375 0.100000
94 61 7 10000 5386 0.100000
119 61 0 10000 3012 0.100000
123 61 2 10000 7150 0.100000
146 61 5 10000 5189 0.100000
163 61 1 10000 8650 0.100000
180 61 5 10000 6522 0.100000
63 61 0 10000 5419 0.100000
73 61 6 10000 2774 0.100000
94 61 6 10000 2931 0.100000
119 61 4 10000 4974 0.100000
123 61 4 10000 1869 0.100000
146 61 3 10000 8868 0.100000
163 61 2 10000 7402 0.100000
180 61 7 10000 6691 0.100000
63 61 4 10000 6849 0.100000
73 61 7 10000 8065 0.100000
94 61 0 10000 5986 0.100000
119 61 1 10000 5378 0.100000
123 61 2 10000 7018 0.100000
146 61 0 10000 6965 0.100000
163 61 6 10000 4348 0.100000
180 61 6 10000 1992 0.100000
63 61 3 10000 9596 0.100000
73 61 5 10000 6453 0.100000
94 61 2 10000 9557 0.100000
119 61 2 10000 4234 0.100000
123 61 1 10000 4574 0.100000
146 61 2 10000 8221 0.100000
163 61 7 10000 9635 0.100000
180 61 3 10000 6228 0.100000
63 61 3 10000 7071 0.100000
73 61 5 10000 2862 0.100000
94 61 7 10000 8870 0.100000
119 61 6 10000 5197 0.100000
123 61 5 10000 9636 0.100000
146 61 6 10000 3533 0.100000
163 61 2 10000 6654 0.100000
180 61 4 10000 4850 0.100000
63 61 7 10000 7877 0.100000
73 61 3 10000 8111 0.100000
94 61 6 10000 4013 0.100000
119 61 7 10000 2676 0.100000
123 61 1 10000 8791 0.100000
146 61 1 10000 8384 0.100000
163 61 5 10000 4609 0.100000
180 61 5 10000 6633 0.100000
63 61 5 10000 4325 0.100000
73 61 4 10000 7245 0.100000
94 61 0 10000 8179 0.100000
119 61 5 10000 9481 0.100000
123 61 2 10000 5473 0.100000
146 61 6 10000 5000 0.100000
163 61 0 10000 8795 0.100000
180 61 2 10000 9782 0.100000
63 61 5 10000 6506 0.100000
73 61 4 10000 3086 0.100000
94 61 7 10000 4478 0.100000
119 61 4 10000 4729 0.100000
123 61 1 10000 6287 0.100000
146 61 1 10000 5467 0.100000
163 61 2 10000 2244 0.100000
180 61 5 10000 5284 0.100000
63 61 4 10000 1606 0.100000
73 61 6 10000 8810 0.100000
94 61 6 10000 3516 0.100000
119 61 4 10000 3442 0.100000
123 61 5 10000 9347 0.100000
146 61 4 10000 1603 0.100000
163 61 4 10000 1428 0.100000
180 61 5 10000 3715 0.100000
63 61 7 10000 8855 0.100000
73 61 0 10000 4422 0.100000
94 61 5 10000 5268 0.100000
119 61 7 10000 8280 0.100000
123 61 6 10000 4932 0.100000
146 61 0 10000 8645 0.100000
163 61 7 10000 9245 0.100000
180 61 5 10000 2340 0.100000
63 61 0 10000 1522 0.100000
73 61 6 10000 6982 0.100000
94 61 1 10000 5796 0.100000
119 61 0 10000 9231 0.100000
123 61 2 10000 4882 0.100000
146 61 4 10000 7897 0.100000
163 61 1 10000 7132 0.100000
180 61 0 10000 5612 0.100000
63 61 1 10000 2098 0.100000
73 61 7 10000 1886 0.100000
94 61 2 10000 3592 0.100000
119 61 2 10000 1932 0.100000
123 61 2 10000 6379 0.100000
146 61 1 10000 4582 0.100000
163 61 0 10000 1122 0.100000
180 61 2 10000 7020 0.100000
63 61 0 10000 2123 0.100000
73 61 1 10000 6147 0.100000
94 61 7 10000 5356 0.100000
119 61 7 10000 4010 0.100000
123 61 0 10000 6878 0.100000
146 61 5 10000 6451 0.100000
163 61 2 10000 5086 0.100000
180 61 7 10000 9505 0.100000
63 61 3 10000 1517 0.100000
73 61 4 10000 9346 0.100000
94 61 5 10000 9104 0.100000
119 61 4 10000 6306 0.100000
123 61 6 10000 10179 0.100000
146 61 4 10000 5806 0.100000
163 61 2 10000 7461 0.100000
180 61 3 10000 4330 0.100000
63 61 3 10000 5170 0.100000
73 61 4 10000 8001 0.100000
94 61 5 10000 2160 0.100000
119 61 0 10000 4525 0.100000
123 61 4 10000 10469 0.100000
146 61 3 10000 1939 0.100000
163 61 2 10000 5991 0.100000
180 61 1 10000 4546 0.100000
63 61 0 10000 3021 0.100000
73 61 6 10000 1872 0.100000
94 61 6 10000 5322 0.100000
119 61 4 10000 1737 0.100000
123 61 3 10000 7192 0.100000
146 61 3 10000 5926 0.100000
163 61 1 10000 9191 0.100000
180 61 7 10000 4311 0.100000
63 61 3 10000 5826 0.100000
73 61 3 10000 1762 0.100000
94 61 7 10000 2912 0.100000
119 61 2 10000 2725 0.100000
123 61 2 10000 2593 0.100000
146 61 6 10000 1332 0.100000
163 61 6 10000 4209 0.100000
180 61 2 10000 4736 0.100000
63 61 1 10000 9909 0.100000
73 61 6 10000 8788 0.100000
94 61 1 10000 2474 0.100000
119 61 0 10000 10176 0.100000
123 61 0 10000 3637 0.100000
146 61 3 10000 10137 0.100000
163 61 3 10000 7745 0.100000
180 61 7 10000 1154 0.100000
63 61 2 10000 7020 0.100000
73 61 7 10000 6358 0.100000
94 61 3 10000 7050 0.100000
119 61 6 10000 6243 0.100000
123 61 4 10000 2120 0.100000
146 61 1 10000 4224 0.100000
163 61 5 10000 5948 0.100000
180 61 7 10000 4150 0.100000
63 61 6 10000 5227 0.100000
73 61 6 10000 3776 0.100000
94 61 4 10000 1329 0.100000
119 61 2 10000 4934 0.100000
123 61 4 10000 3463 0.100000
146 61 0 10000 4832 0.100000
163 61 1 10000 9016 0.100000
180 61 5 10000 2312 0.100000
63 61 4 10000 6431 0.100000
73 61 0 10000 1794 0.100000
94 61 0 10000 4258 0.100000
119 61 5 10000 9090 0.100000
123 61 2 10000 9793 0.100000
146 61 6 10000 5101 0.100000
163 61 5 10000 5001 0.100000
180 61 1 10000 1461 0.100000
63 61 6 10000 9116 0.100000
73 61 3 10000 4743 0.100000
94 61 3 10000 9768 0.100000
119 61 2 10000 8509 0.100000
123 61 6 10000 6417 0.100000
146 61 3 10000 6007 0.100000
163 61 0 10000 4036 0.100000
180 61 4 10000 7579 0.100000
63 61 6 10000 9792 0.100000
73 61 2 10000 5000 0.100000
94 61 5 10000 10240 0.100000
119 61 5 10000 6606 0.100000
123 61 2 10000 1506 0.100000
146 61 1 10000 1076 0.100000
163 61 1 10000 7158 0.100000
180 61 4 10000 6128 0.100000
63 61 4 10000 10286 0.100000
73 61 4 10000 9292 0.100000
94 61 2 10000 1115 0.100000
119 61 7 10000 5596 0.100000
123 61 0 10000 7197 0.100000
146 61 1 10000 10266 0.100000
163 61 7 10000 1283 0.100000
180 61 3 10000 3308 0.100000
63 61 2 10000 2772 0.100000
73 61 7 10000 8704 0.100000
94 61 5 10000 1966 0.100000
119 61 2 10000 6827 0.100000
123 61 4 10000 9935 0.100000
146 61 3 10000 2298 0.100000
163 61 0 10000 4552 0.100000
180 61 2 10000 1154 0.100000
63 61 4 10000 2825 0.100000
73 61 0 10000 4900 0.100000
94 61 7 10000 3251 0.100000
119 61 1 10000 1968 0.100000
123 61 2 10000 8664 0.100000
146 61 2 10000 6780 0.100000
163 61 7 10000 6531 0.100000
180 61 5 10000 2969 0.100000
63 61 2 10000 8285 0.100000
73 61 3 10000 8822 0.100000
94 61 0 10000 1985 0.100000
119 61 7 10000 8202 0.100000
123 61 3 10000 4536 0.100000
146 61 0 10000 4080 0.100000
163 61 2 10000 6903 0.100000
180 61 1 10000 8883 0.100000
63 61 6 10000 8253 0.100000
73 61 6 10000 9984 0.100000
94 61 2 10000 3030 0.100000
119 61 2 10000 9255 0.100000
123 61 4 10000 8060 0.100000
146 61 2 10000 2704 0.100000
163 61 3 10000 4641 0.100000
180 61 4 10000 7163 0.100000
63 61 5 10000 10473 0.100000
73 61 2 10000 7215 0.100000
94 61 6 10000 6929 0.100000
119 61 6 10000 3727 0.100000
123 61 1 10000 3920 0.100000
146 61 5 10000 1601 0.100000
163 61 4 10000 6032 0.100000
180 61 1 10000 6058 0.100000
63 61 7 10000 7164 0.100000
73 61 3 10000 8414 0.100000
94 61 6 10000 4337 0.100000
119 61 7 10000 10371 0.100000
123 61 2 10000 6902 0.100000
146 61 6 10000 5950 0.100000
163 61 5 10000 10166 0.100000
180 61 6 10000 6279 0.100000
63 61 7 10000 8380 0.100000
73 61 6 10000 7057 0.100000
94 61 5 10000 9382 0.100000
119 61 7 10000 1124 0.100000
123 61 5 10000 3022 0.100000
146 61 6 10000 7179 0.100000
163 61 0 10000 7698 0.100000
180 61 7 10000 7987 0.100000
63 61 4 10000 6705 0.100000
73 61 1 10000 2717 0.100000
94 61 5 10000 1137 0.100000
119 61 5 10000 3353 0.100000
123 61 5 10000 7975 0.100000
146 61 7 10000 1096 0.100000
163 61 4 10000 3829 0.100000
180 61 6 10000 5450 0.100000
63 61 6 10000 9430 0.100000
73 61 5 10000 1827 0.100000
94 61 0 10000 6072 0.100000
119 61 6 10000 7881 0.100000
123 61 0 10000 7588 0.100000
146 61 3 10000 9559 0.100000
163 61 2 10000 9514 0.100000
180 61 5 10000 1580 0.100000
63 61 4 10000 2764 0.100000
73 61 6 10000 3435 0.100000
94 61 7 10000 6590 0.100000
119 61 0 10000 3780 0.100000
123 61 0 10000 3698 0.100000
146 61 2 10000 6663 0.100000
163 61 2 10000 2893 0.100000
180 61 2 10000 4811 0.100000
63 61 0 10000 3978 0.100000
73 61 4 10000 5503 0.100000
94 61 6 10000 3304 0.100000
119 61 7 10000 7391 0.100000
123 61 3 10000 6488 0.100000
146 61 1 10000 5976 0.100000
163 61 7 10000 5471 0.100000
180 61 7 10000 2586 0.100000
63 61 5 10000 2686 0.100000
73 61 2 10000 6566 0.100000
94 61 4 10000 7252 0.100000
119 61 3 10000 10213 0.100000
123 61 5 10000 4801 0.100000
146 61 3 10000 6611 0.100000
163 61 4 10000 2165 0.100000
180 61 6 10000 6878 0.100000
63 61 3 10000 6891 0.100000
73 61 5 10000 3451 0.100000
94 61 2 10000 10279 0.100000
119 61 7 10000 6446 0.100000
123 61 1 10000 3226 0.100000
146 61 0 10000 1790 0.100000
163 61 1 10000 10246 0.100000
180 61 1 10000 9380 0.100000
63 61 4 10000 8725 0.100000
73 61 3 10000 2111 0.100000
94 61 1 10000 2384 0.100000
119 61 4 10000 8150 0.100000
123 61 3 10000 4571 0.100000
146 61 6 10000 1476 0.100000
163 61 1 10000 1952 0.100000
180 61 5 10000 1098 0.100000
63 61 4 10000 6455 0.100000
73 61 6 10000 2760 0.100000
94 61 7 10000 5565 0.100000
119 61 0 10000 1519 0.100000
123 61 5 10000 9283 0.100000
146 61 5 10000 9770 0.100000
163 61 3 10000 5440 0.100000
180 61 4 10000 7049 0.100000
63 61 4 10000 3868 0.100000
73 61 1 10000 1326 0.100000
94 61 4 10000 3782 0.100000
119 61 0 10000 9587 0.100000
123 61 4 10000 2556 0.100000
146 61 2 10000 10198 0.100000
163 61 6 10000 6427 0.100000
180 61 4 10000 1654 0.100000
63 61 7 10000 10229 0.100000
73 61 7 10000 3969 0.100000
94 61 5 10000 6568 0.100000
119 61 0 10000 7311 0.100000
123 61 4 10000 3053 0.100000
146 61 5 10000 3076 0.100000
163 61 0 10000 4489 0.100000
180 61 7 10000 7251 0.100000
63 61 7 10000 8865 0.100000
73 61 0 10000 8478 0.100000
94 61 6 10000 1546 0.100000
119 61 6 10000 2604 0.100000
123 61 6 10000 5673 0.100000
146 61 1 10000 4593 0.100000
163 61 5 10000 2736 0.100000
180 61 2 10000 10142 0.100000
63 61 4 10000 10387 0.100000
73 61 3 10000 7422 0.100000
94 61 5 10000 7089 0.100000
119 61 5 10000 10077 0.100000
123 61 2 10000 9176 0.100000
146 61 7 10000 2082 0.100000
163 61 6 10000 3254 0.100000
180 61 2 10000 8026 0.100000
63 61 1 10000 7334 0.100000
73 61 6 10000 5274 0.100000
94 61 0 10000 8347 0.100000
119 61 0 10000 9836 0.100000
123 61 2 10000 9393 0.100000
146 61 6 10000 3136 0.100000
163 61 0 10000 1230 0.100000
180 61 2 10000 4829 0.100000
63 61 5 10000 2340 0.100000
73 61 2 10000 1504 0.100000
94 61 4 10000 7180 0.100000
119 61 6 10000 2889 0.100000
123 61 5 10000 8923 0.100000
146 61 3 10000 5427 0.100000
163 61 4 10000 4315 0.100000
180 61 5 10000 8148 0.100000
63 61 3 10000 4480 0.100000
73 61 7 10000 7064 0.100000
94 61 4 10000 2476 0.100000
119 61 3 10000 10119 0.100000
123 61 7 10000 9920 0.100000
146 61 7 10000 1095 0.100000
163 61 1 10000 10464 0.100000
180 61 1 10000 2516 0.100000
63 61 1 10000 4916 0.100000
73 61 3 10000 8989 0.100000
94 61 5 10000 3731 0.100000
119 61 3 10000 4439 0.100000
123 61 1 10000 5511 0.100000
146 61 3 10000 3841 0.100000
163 61 4 10000 2417 0.100000
180 61 7 10000 1258 0.100000
63 61 7 10000 2698 0.100000
73 61 2 10000 9264 0.100000
94 61 7 10000 8033 0.100000
119 61 3 10000 5171 0.100000
123 61 7 10000 1736 0.100000
146 61 1 10000 4270 0.100000
163 61 2 10000 3946 0.100000
180 61 0 10000 9563 0.100000
63 61 2 10000 4087 0.100000
73 61 0 10000 6170 0.100000
94 61 4 10000 9757 0.100000
119 61 4 10000 5063 0.100000
123 61 5 10000 2932 0.100000
146 61 7 10000 9688 0.100000
163 61 1 10000 8018 0.100000
180 61 4 10000 6976 0.100000
63 61 7 10000 2918 0.100000
73 61 0 10000 5930 0.100000
94 61 2 10000 6765 0.100000
119 61 0 10000 1298 0.100000
123 61 2 10000 9626 0.100000
146 61 4 10000 3802 0.100000
163 61 2 10000 5663 0.100000
180 61 1 10000 9414 0.100000
63 61 0 10000 3136 0.100000
73 61 3 10000 2654 0.100000
94 61 3 10000 9344 0.100000
119 61 7 10000 5676 0.100000
123 61 3 10000 5368 0.100000
146 61 0 10000 4810 0.100000
163 61 0 10000 6777 0.100000
180 61 7 10000 3911 0.100000
63 61 5 10000 2574 0.100000
73 61 7 10000 4794 0.100000
94 61 3 10000 5175 0.100000
119 61 5 10000 9783 0.100000
123 61 1 10000 4952 0.100000
146 61 6 10000 9452 0.100000
163 61 2 10000 3771 0.100000
180 61 0 10000 2420 0.100000
63 61 5 10000 3666 0.100000
73 61 7 10000 8070 0.100000
94 61 5 10000 5877 0.100000
119 61 6 10000 3997 0.100000
123 61 1 10000 2600 0.100000
146 61 6 10000 8627 0.100000
163 61 0 10000 1947 0.100000
180 61 6 10000 3803 0.100000
63 61 0 10000 9675 0.100000
73 61 2 10000 2824 0.100000
94 61 2 10000 5542 0.100000
119 61 0 10000 8717 0.100000
123 61 6 10000 8309 0.100000
146 61 4 10000 6717 0.100000
163 61 3 10000 7573 0.100000
180 61 2 10000 3194 0.100000
63 61 1 10000 5164 0.100000
73 61 5 10000 1784 0.100000
94 61 1 10000 2809 0.100000
119 61 3 10000 5593 0.100000
123 61 4 10000 7374 0.100000
146 61 5 10000 1503 0.100000
163 61 2 10000 2435 0.100000
180 61 4 10000 9584 0.100000
63 61 4 10000 7021 0.100000
73 61 4 10000 5713 0.100000
94 61 7 10000 3411 0.100000
119 61 5 10000 5994 0.100000
123 61 7 10000 3511 0.100000
146 61 0 10000 5895 0.100000
163 61 7 10000 5255 0.100000
180 61 4 10000 3155 0.100000
63 61 1 10000 8561 0.100000
73 61 5 10000 7960 0.100000
94 61 3 10000 5363 0.100000
119 61 0 10000 5459 0.100000
123 61 6 10000 6511 0.100000
146 61 1 10000 5805 0.100000
163 61 4 10000 5388 0.100000
180 61 4 10000 8106 0.100000
63 61 5 10000 9186 0.100000
73 61 4 10000 9720 0.100000
94 61 1 10000 5955 0.100000
119 61 5 10000 3734 0.100000
123 61 5 10000 3308 0.100000
146 61 6 10000 6049 0.100000
163 61 6 10000 6384 0.100000
180 61 0 10000 10449 0.100000
63 61 3 10000 1467 0.100000
73 61 4 10000 5046 0.100000
94 61 1 10000 9029 0.100000
119 61 4 10000 3654 0.100000
123 61 1 10000 5035 0.100000
146 61 1 10000 4804 0.100000
163 61 6 10000 9425 0.100000
180 61 5 10000 5422 0.100000
63 61 3 10000 4650 0.100000
73 61 7 10000 9184 0.100000
94 61 7 10000 3272 0.100000
119 61 7 10000 3096 0.100000
123 61 5 10000 5266 0.100000
146 61 2 10000 3788 0.100000
163 61 4 10000 2988 0.100000
180 61 2 10000 6373 0.100000
63 61 0 10000 4464 0.100000
73 61 3 10000 5664 0.100000
94 61 1 10000 4170 0.100000
119 61 4 10000 9015 0.100000
123 61 2 10000 4076 0.100000
146 61 3 10000 8688 0.100000
163 61 2 10000 1780 0.100000
180 61 7 10000 6041 0.100000
63 61 1 10000 9153 0.100000
73 61 5 10000 4682 0.100000
94 61 7 10000 1876 0.100000
119 61 0 10000 8257 0.100000
123 61 3 10000 3753 0.100000
146 61 3 10000 10395 0.100000
163 61 7 10000 8700 0.100000
180 61 3 10000 4843 0.100000
63 61 5 10000 3722 0.100000
73 61 1 10000 1060 0.100000
94 61 5 10000 9932 0.100000
119 61 3 10000 8767 0.100000
123 61 5 10000 7028 0.100000
146 61 2 10000 8013 0.100000
163 61 3 10000 3719 0.100000
180 61 1 10000 9898 0.100000
63 61 4 10000 7249 0.100000
73 61 1 10000 2071 0.100000
94 61 5 10000 9562 0.100000
119 61 1 10000 9904 0.100000
123 61 1 10000 2722 0.100000
146 61 4 10000 4092 0.100000
163 61 1 10000 9386 0.100000
180 61 3 10000 5836 0.100000
63 61 2 10000 1084 0.100000
73 61 6 10000 5331 0.100000
94 61 3 10000 4412 0.100000
119 61 5 10000 6743 0.100000
123 61 3 10000 6228 0.100000
146 61 3 10000 4196 0.100000
163 61 4 10000 8662 0.100000
180 61 1 10000 8512 0.100000
63 61 2 10000 1260 0.100000
73 61 4 10000 1896 0.100000
94 61 3 10000 4157 0.100000
119 61 4 10000 3537 0.100000
123 61 4 10000 4337 0.100000
146 61 0 10000 1459 0.100000
163 61 1 10000 8759 0.100000
180 61 3 10000 2921 0.100000
63 61 6 10000 4282 0.100000
73 61 3 10000 3293 0.100000
94 61 4 10000 4864 0.100000
119 61 0 10000 9702 0.100000
123 61 7 10000 3913 0.100000
146 61 4 10000 5319 0.100000
163 61 7 10000 9483 0.100000
180 61 3 10000 1526 0.100000
63 61 7 10000 3043 0.100000
73 61 2 10000 2451 0.100000
94 61 2 10000 7186 0.100000
119 61 7 10000 10104 0.100000
123 61 6 10000 2360 0.100000
146 61 0 10000 3507 0.100000
163 61 4 10000 2920 0.100000
180 61 2 10000 8947 0.100000
63 61 2 10000 5763 0.100000
73 61 4 10000 7088 0.100000
94 61 2 10000 1675 0.100000
119 61 7 10000 7490 0.100000
123 61 1 10000 7016 0.100000
146 61 2 10000 10116 0.100000
163 61 3 10000 2480 0.100000
180 61 1 10000 8826 0.100000
63 61 7 10000 9551 0.100000
73 61 5 10000 2840 0.100000
94 61 6 10000 7855 0.100000
119 61 5 10000 1994 0.100000
123 61 1 10000 10023 0.100000
146 61 0 10000 1932 0.100000
163 61 5 10000 5680 0.100000
180 61 4 10000 1399 0.100000
63 61 2 10000 8880 0.100000
73 61 7 10000 7590 0.100000
94 61 0 10000 3014 0.100000
119 61 2 10000 4778 0.100000
123 61 1 10000 7575 0.100000
146 61 2 10000 6745 0.100000
163 61 7 10000 7221 0.100000
180 61 1 10000 1460 0.100000
63 61 0 10000 1374 0.100000
73 61 3 10000 7524 0.100000
94 61 6 10000 10066 0.100000
119 61 5 10000 8959 0.100000
123 61 4 10000 5061 0.100000
146 61 7 10000 5022 0.100000
163 61 4 10000 8616 0.100000
180 61 1 10000 10223 0.100000
63 61 4 10000 7191 0.100000
73 61 1 10000 7565 0.100000
94 61 3 10000 1845 0.100000
119 61 2 10000 2847 0.100000
123 61 2 10000 2354 0.100000
146 61 2 10000 4270 0.100000
163 61 6 10000 4299 0.100000
180 61 7 10000 3299 0.100000
63 61 5 10000 2948 0.100000
73 61 1 10000 3387 0.100000
94 61 0 10000 4498 0.100000
119 61 1 10000 1934 0.100000
123 61 2 10000 7435 0.100000
146 61 2 10000 4949 0.100000
163 61 7 10000 1462 0.100000
180 61 5 10000 1671 0.100000
63 61 6 10000 8672 0.100000
73 61 4 10000 10394 0.100000
94 61 2 10000 6928 0.100000
119 61 2 10000 3606 0.100000
123 61 2 10000 6519 0.100000
146 61 4 10000 7648 0.100000
163 61 5 10000 5723 0.100000
180 61 7 10000 7358 0.100000
63 61 3 10000 2339 0.100000
73 61 6 10000 2597 0.100000
94 61 4 10000 7266 0.100000
119 61 5 10000 1948 0.100000
123 61 3 10000 7506 0.100000
146 61 5 10000 4829 0.100000
163 61 5 10000 5783 0.100000
180 61 2 10000 4472 0.100000
63 61 7 10000 3720 0.100000
73 61 4 10000 8381 0.100000
94 61 6 10000 8631 0.100000
119 61 6 10000 3158 0.100000
123 61 2 10000 7917 0.100000
146 61 7 10000 7590 0.100000
163 61 1 10000 9320 0.100000
180 61 4 10000 8435 0.100000
63 61 0 10000 5705 0.100000
73 61 5 10000 6675 0.100000
94 61 2 10000 3445 0.100000
119 61 4 10000 3913 0.100000
123 61 0 10000 7089 0.100000
146 61 6 10000 5423 0.100000
163 61 2 10000 7193 0.100000
180 61 4 10000 8597 0.100000
63 61 0 10000 7348 0.100000
73 61 4 10000 4898 0.100000
94 61 7 10000 2443 0.100000
119 61 6 10000 1720 0.100000
123 61 3 10000 5915 0.100000
146 61 7 10000 4776 0.100000
163 61 1 10000 2870 0.100000
180 61 6 10000 1827 0.100000
